47175
9925
62732
23163
51721
1894
58858
59586
9478
81288
99677
67603
61580
81729
95260
2240
31133
87663
26929
19544
6978
49816
69760
4356
39746
31752
95775
23720
95176
46845
3088
99478
74266
42256
29221
46432
40081
69547
22726
2822
81073
34434
76087
31006
14032
46612
6017
33942
6228
39055
45947
91012
13606
56740
66783
97673
7171
16607
62385
34519
76383
69587
7899
81422
10058
3742
49384
66956
59313
931
75003
35539
2610
79778
57939
21779
9182
76699
26623
84840
92149
96486
28592
16279
60530
66316
56629
36363
76661
76098
25052
86952
99944
99858
29400
88133
95500
20416
4919
27857
